   13 
   71    79     0     1    84    47     3    35    14     7    33    13    23 
  121    97    43    48    55    46    66    31    49   148    15    44    27 
   16    63    51    81    37    19    62     2    24    50     8   107    65 
   59     6    80    68    69    70   118   120    86    52    53    36    12 
   83    34    17    11    75    26    99     5    74    77    22    57    76 
    9    60    40    38   146   139    73   111    28   108    87    64    78 
   94    18   119    45    56    72    61    85   114    25    92    39    10 
  131    95    21    89    42   122   125   112   103    91    88    90   104 
  136    20    30    93   157   134   133   135   123   127   101   116   128 
   41   132    29   124    98    67   137   126   141   102   117   115   130 
  160   110    54    32   109   105    96   100   138   113   154   129   143 
    4   158   144   147   145   151   150   162   140   152   153   142   156 
   82   106    58   159   161   149   163   164   165   166   167   155   168 
