   17 
   80   124   173     5   261    47    54   257   199   280   154   176   121    36    84   178   205 
   40   223   130    92    91   135   160   275   122   141    31   138   171   142   116   259   113 
  242    99     1   101   151    46   240     9    67    55    25   112   222    88   179   274    96 
  210   256   192   227   180    52    18    72   148   191    17    68   206    28    79   117    93 
    0    58    59   126   262    73   241    85   146   226    43   165    75   109    64   153   187 
   38   245   150   277    98    39   198     4   120    86   140   174    19    95   167    83   189 
  102   128    24   175   118   107   195   246   106   166   108    29   111    89   186    78   119 
   20    87   211   164   131   125   134    69   105    61    26   276    62   273   156    56   136 
  100    66    37     8    53   193    63   123    82    11   132    71    12   147   115   184   202 
  231   244   127   137     7    42   225    50   217   247   177   129   103    76    41   152   144 
  239   196    51    49   208   281   243   258    44    90   215   188   182   183   133   220   236 
   14   209   155    10    74   200     6    60     3   143   181   145   212   203   170   168   204 
  214   158   110   157   163    70   172   197    45    32   162    97   218   201   169   185   221 
   94    22    48    77    30   161   190    33    16   228   232   267   233   219   252   237   238 
  149    15   260    65   114   283   229   216    57   213   104   282   265   235   269   254   255 
   27     2    13   207    34   139   263    23   264   159   251   248   249   268   253   271   272 
  224    81   230    35    21   266   278   279   250   194   234   284   285   286   270   287   288 
