 28
170 421 634 234 475 309 428 709 777 713 453 320 705  65 180 673 343 114 283  17 201 405 134 355 678 291 639 311 
297  60 357 657 390  35 316 295   3 533 118 496 574  81 482  62 658 431 672  71 643 204 652   0 730 508 624 516 
  1  44 602 116 464 487  31  88  27 562  85 620 366 592 182 216 495 167 722  51  24 197 499 312  56 372 176 477 
398  13 542 330 288 226 505  49 257 166 561 717 729 633 472 501 474 202 603  50 392 479 596 726 285 744 623 282 
494 144 520  57 518  38 371  59 779  20 627  66 725 415 387 224 408 610 169 436 607 489 120 593 597 337 524 457 
230  86  70 703 119 266   2  67 575 151 628 225  92 613  19 541 595 334  75 124 287 569 694 715 402 583 481 697 
199 564 315 265 219 329 754 141  98 609 413 304 409 313 186 588 684 662 188 651 576 418 448 269 443 665 761 543 
 95 310 156  64 687 250 175  89  32 674  37 437 529 365 749 352 396 358 503 370 107 615 659 581 491 184 349 654 
769 391 165 611 601 417 632 289 718 531 732 339 242 656  84 446  73 509 331 162 568 619 208   9 324 367 738 447 
 29 318 382 115  61 386 668 263 775 178 766 465 305 422 254 468 605 618  12 667 768 497 752 558  78 629 303 699 
698 227 281 471 686 307 506 112 261 606 236  74  14 616 587 414 277 650 221 534 653 550 106 735 649 455 222 708 
772 712 394 364 731 159 168 231  16  83  94 782 268 314 190 368 212 728 246 666   5 663 207  18   4 294 200 781 
748 500   6 538 215 460 745 154 148 546 344 298 429 128 604  91 439  72 621  41 778 590 517 102 441 206 214 696 
486 185 536 340 420 322 194 117  21 270 296 750 262 131 395 245 753 692 527 255 445 760 432 228 383 706  68  93 
195 108 513 110 293 598 641  47 433 332 571 412 419 600 711 551 751 521 470 456 549 286 406 710 676 689 164 377 
681  90 192 670 683 350  77 523 747 360 338 345 763 284 454 559 121 113 679 256 563 640 483 103 660 638 535 677 
399 342 217 146 135 755  45 485  15 688 347 161 385 267 427 362 369 701 764 423 579 300 193 556 328 459  23 502 
473   8 466 690 555 514 522  26 317 384 512 237 145 480 637 302 213 636 532 149 218 239 504 767 416 682  55 759 
172 397 691 181 530 247 462 260 612  97  87 783 519 770 174 101 209  82 152 557 599 301 410 373 173 353 203 572 
363 664 671 578 127 757 198 105 586 510 723 584 272 714 771 675 147   7 589 401 210 259 130 126  69 319 507 292 
647 741 780 548 525 153 719 582 648 359 354 567 774 109  30  39 693 196 157 380 566 734 554 704 642 463 163 669 
 36 492 617 244  42  80 211 493 580 158 306 484 276 388  33 724  53 537 727 125  58 248 545 235 488  63 467 379 
 46 341 252 450 476 271 773 424 177 280 743 721 240 478 333 336 249 403 565 622 400 381 133 223 104 251 348 361 
591  40 238 452 614  99  96 434 187  48 346 720 220 378 389 544 140 762 608 138 393 655 707  11 490 680 737 232 
100 560 695 183 279 299 573 553 123 129 278 594 646 243 351 326 430 644 570  28 111 702 189 469 233 539 258 661 
142 191 435 335 438 756 685 275 411 327 274  25 742 160 444 308 733 323 631  76 253 321 137 407  79 290 630 273 
229 132  43 122  54 758 171 765 440 461 625 374 540 179 458 511 498 264 139 528 449 626 716 376 736 205 515 645 
 52  34 241 585 325 404 577 150 526 740 700 746 776 426 451 635  10 143 375 552 425 155 547 356 739 442  22 136 
