 30
  1  61 161 320 412 601 738 377 352 574  20 217 272 712 193 467 555 548 102 139 174  41 172 667 770 716 135 448 347 508 
 86 815 520 350 332 653  89 127 279 436 458 869 628 339 133 664 701 179 611  69 575 211 200 851 838 766 107 166 123 296 
 93 153  42 321 155 416 401 445 185 739  72  15 572 158 413 360   3 607 201 318 199 856  16 378  48 452 169 644 763 515 
700 754  31 613 655 327 218 828 184 420 693 388 238 558 156 545 681 178 447 760 492 604 651 498 650  59  91  45 293 165 
274 822 316 735 565   7 666 137 615 264 625 234 819 254 150 485  18 570 881 308 589 437 698 427  68 640 243  88 399 121 
 19 645 456 527 719 500 732 239 795 460 303 252 387 648 853 362 190 675 715 373 649 713 859 113 106 289 465   5 733  73 
100 126 505 317  36 215 660 348 631 710 403 275 605 580 379 517 157 101 195 585 207 128  46  52 146 767 810 442 893  25 
265 588  10  62 365 753 886 709 567 630 196 591 419 227  84 287 657 374 702 245 495 266 683 383 208 559 336 809 468 240 
429  75 522 883 896  37 183  64  96 826 489 134 513 549 181 295 162 302 731 120 854 111 669 143 745  47 159 390   8 140 
 65 284 561 519 806  74 105 299 825 687 273 672 400 173 626 837 414 145 497 112 230 257 488 879 103  23  97 499  53 523 
832 804 247 312 131 823 220 248 453 381 109  49 619 512 576 583 581 594 443 222 438 578 271 315  77 117 482 532   4 788 
579 514 431 402 314 830 556 328 462 461 689 688 599 255 551  17  90 502 573 116 479 357   9  78 235 782 899 894 136 501 
349 384  54 643 786 345 765  26 428 370 510 242 278 386 540 491  82  76 277  30 801 202 466 503 677 114 194 147 228 171 
163 261 188 772 898 775 554 550 344 361 638 396 682 808 342 867 209 582 831  28 283 696 705 699  67 855 130 852 882 267 
141 885 391 676 877  21 385 306 878 486 191 411 323  44 203 673 737 663 614 736 857 496 792 787 740 367  13 144 708  11 
104 389 246 525 865 322 552 472 358  50 311 340 187 884 435 891 434 426 325 606 124 756 680 269 309 118 152 422 376 375 
110 490 305 471 723 474 333 820 842 170  22 216 805 895 469 307 860 703 197 807 397 192  71 892 652 478  27 182 684 108 
691 297 432 779 285 560 568 608 176 511 897 849 542 590 115 812 600 637 418   0 177 621 746 132 504 863 516 800 617 889 
836 304  95 213 791 531 313 292 417 168 890 759  79 824 164 674 282 634 415 369 175 204  12 477 816 410 251  29 769 160 
212 249 796 662 198 186 408 334 440 537 744 758 781 290 821 563 543 167 764 286 337 690 616 839 149 210 814 231 742 798 
518 380 394 232 214 780 233 610 694 180 874 421 734 470 528 439 755 642  55 846 794 259 280 595 566 541 679 704 706 330 
463 843 473 603 444 783 633 476 803 620 602 747 326 524 639 586 622 533 356 797 623 368 802 720 538 268 729  51 858 237 
509 335 751 848 450 521 587  43 871 372 641 398 536 714 627   2 557  40 624 771  81 789 258 629 840  83 773 659  60  92 
743 425 346 409  58 256 221 263 539 654 618 544 546 481 341 294 887 636 635  99 748 862 407 253 553 762 813 876 864 598 
584 364 564 790  66 668 487 223 451 799 459 382 507 475 811 784 319 276 534 793 331 774 776 750 189 835  70 441 371 741 
454 142 298 671 658 405 244 730 300 725 206  80 250 844 612 829 656 768 721 872  87 430 827  38 125 353  94 226 404  24 
363 366 406  32 692 778 757 494 529 596 873 571 718 665 841 449  98 717 526 288 229 236 752 530 301 727 866 329  33 695 
205 632 861 324 260 834 726 359  34 455 224 291 785 270 343  63 562 484  14 724  85 148  35 122  56 281 686 262  57 577 
423   6 547 355  39 850 647 847 818 154 354 670 597 728 817 393 483 225 711 697 875 480 592 138 888 151 535 119 722 433 
707 646 338 678 395 493 880 219 870 868 392 777 609 446 464 593 506 761 457 661 749 685 241 424 351 129 569 310 845 833 
