  50
 210  556  259  457    5  110  474  112 1319   57   11  319  114    1   26  151  519  617  226   19  420   71   94  181   77  650  957   87  429  591  275   62  795  828   48  340  585  783  389  575   41  445  735  197  249  525  677  248  349   50 
 453   52  101   54  156  801    6  155  103  218  862  154 1009   67 1561 1554  671  619  121  717  563  700 1057   25  241   24  796  595  264  133   31  950  193  540  440  694  432  882  733  881  240 1046  223  377  298 1079   99  478  195  388 
   4  161  502   60 1072  102  821  159 1466   15 1161  324  513  171  128  369  756   68  569  412  516   73  230   32  274  229  364  176   79  417  131  643  329  483  387 1047  848  635   49  138  395  685   44  944 1179 1132  339  148   92  150 
 263  303  111  202  367  212  310  463 1011    3  370   16   22 1311   65  663  380  514 1318  466  621  242  120  220   74  234  124  543  753  363  361  491  604  132  683 1030   64 1081  127  898   95  117  598 1293  246  198  446  194  247  384 
 452  454  406  306 1313  201  410  118  108  371  203  262 1859  164  964 1021  222  755 1209  175  718  273  221  174  130   81  180  378 1143 1146   63 1577 1276  999  833  534  875  288 1196  748  738  430  149 1131  568 1039  946  891  300  196 
 255  883  655  553  211 1566  113 1112  576  557  413  312 1207  561   21  331  723 1765  647  360  662  940  276 1684 1384   84  177  279  170  581   29  527  697  947  634  272 1129  987  779  827  489  473  998  776  267  250  199  596  845 1085 
  66  971  407  603  605    8  651  166  315 1465  215  409 1108 1110  636 1568  265  313  462  321  518  888  520  341  282  186  385  978  183   78   47  572  873  213  286  980   76  931  224  169  692  536 1091  878  392  444  297  600  994  350 
 402  352  260 1007  416  115  757  162  158  719 1018  165 1111   56   61  869  266  681  686  163  764 1058  712  379  254  435 1126  571   86   27  271  328  986 1628  141  983  408  187 1236  641  787  345  741   45   97  618  570 1133  296  400 
 855  504  608 1114  356  552  253  781  803  559   69  772  870  419  469  863 1717  257 2262  472 2011  864  715 1787  301  209  182  810   85   82 1100  799   46   13  237   33 1581 1431  995   59 1426  442   12  295  346  488  437  728  630 1660 
 670 1051  459  859  905  325  853  724  236  851  206  612 1064  614 1061  927  217 1916  216  932  292  934  390  762  737  427 1174 1097 1012 1050 1119  277  465 1177  439  943  481 1193  894  125  900  238  145   96  289  716  337  136 1767 1412 
 551  729  613  251  580  857  455  682 1667  759  362  669  967  314 1023  294 1083  214  332 2263  830  179  767   98  185  804  487 2167   37   90  278  482  302 1931  144  928  140 1000  973  897  850  533  348  146  290  916  780 1574  549  492 
1008  760  308  701   51  507  615  521 1013  903  625  116 1704  620  366  436 1127 1963 1027  921 1216  584  577  134  126  530 1471  129 1122  678   93  357   75 1230  722  876   89  168   88  835 1737  742   23  639   36 1445  831  522  476  550 
1004  470  871  372  205  456  555  517  970  623  765  877 1619 1228 1163 1617 1227 1468  936  280  523  431  335 2214 1120  475  235  509  423 1285 1335  441 2331  526  769  500 1330 1014   35 1297  243 1591  137  434  993 1288  743  495  867 1016 
 152  704  774  501  813  972  666  703  403  714  506  565 1967 1175  374  689  245  471 1670  464  919  261  539 1385  840  938   80  104  484 1732  172  316  725   40 1320  997  838   17  327 1528  376 1446 1380  386  135  343  391  239 1044  899 
1304  184  754   53 1105 1252  606 1614  879 1019  814 2155  956  908  554  411 1559  188  633  567   30 1024  109  856 1138 1034  326  231 2283  773  178   28 2134  546  443 1450  991  739   20  123  749  375   43   42  336 1474 2038   34 1883  693 
   2  281 1001 1054  601 1408  914  906  611  421  834 2264 1419 1130  359  365  658  884  811  640  680 1608 1730 2266 1891  309  707  538 2365  675  394  673  825  291  122  383  892 1169   14 1894  190  344 1089  727  544 2043   39   38  448 1316 
 961  751  809  317  806  736  657  422 1669  645  959 1109 1078  616  433 2111 1221  562 1814 1811  460 1170  139 1655  628  775 1178  208 1944 1241  690  373   18 1073  225  744 1286  925  189 1723 1964   70 1028 2021  244  945 1687  597 1829 1328 
1015  902  659  761  578  711  558 1459 1218 1663 1123  734  960  807  979 1666  817  709 1520  566  937 1278 1022 1991 1393  105 2240  106  382  338 2417  590  866 1290 2012 1031 1329  499 1348 1367 1500 1186  397 1746 1642 2183  547 1985  599  142 
 763 1256  732 2364  708  418 1716  256 1454  860 1810 1672 1270 1464 1222  667  467  885 1035 1225  880  192 1324 1279 1816  740 1537  674 1685  529 2437 1714  818 1071  745  573  832 1764  334  990  942 1976  497   72  648 1835  976 1247 1832 1336 
1003 1010  912  913  815  458  826  698  494  508  505  917  207 2006 1467 1718 2205 1707  609 2474  785 2277  629 1942 2374  428 1763  644  872 1517  542  284 2315  889  726  839  778 1424 1074 1926 1229  191 1231 1094  299 2033 1312 1484 1493  396 
1402  861 1063 1302 1206  808  907 1569  911  414  793 1470 2064 1715  660 1557 1820  333 1513  632 1262  512 1886 1099  574 1185  447 1839 2086  485  579  100  285 1372 1080  668  293 1160  147 1725 1084 1248  398  844 1033 1347 1334  545  143 1092 
1301  904  852 1852 1652 2202  515 1853 1661  564  358 1020  664 1862  923  822 1076 1824 1271  784 1199  974 1373 2013 1560 1609 2172  107 1068 1220  768  842 1447  524  786  477  982 1469 1332 1487  318 1037  496 1982 1397 1086 1082 1930 1550 2128 
 901  962  511  322 1785 1155  713 2057  665  537 1264 1315 1914 1306  405  924 1872  461  837 1772  588 2324 1070  490  747 1636 2030 1388  777 2088  688  816 1118 2036  790 1486 1773 1921  270  649  219 1825 1498 1137  788 1287 1032 1197 1142  393 
1202 1107 1102  854 1151 1055 1866 1604 1553 1351 1453 1954 1761 1606  119  746 1427 1673 1148 1356  381    0 1789 1622 1879  920 1136 1215 1428 1836 2388 2079 1627  173 1621  770  330 2195 1245 2218 1195 2230 1582  347 1200  399  426  984  782 1040 
1201 1002 2055 2465 1357 1353 1509 1171 1358  415 1437  304 1635 1919 1727  798 1260  232 1907 1863 1913 2022  531 2336 1212 1616  204 2168 1134  646 1625  535 2286 2369 1391 1485 1394 1176  450 2349 1698 1292 1339 1077  996  586 1350  687 1098  479 
 323 1106 1452 2114 1455 1062    9 1759 1309 1711   55 1909 1411  510 1305  268  305 2242  283 1213 1145 1987  969  486 1729 1325   58  893 2330 1784 1158   83 1188 1579 1885 1125  968  695 1240 1250  200  800  794 1499 1399  933 1249 1299 1192  992 
 610 1602 1801 2462 1156 1703 2110 1224 1601 1128 2352 1403  468 1432 2010 1657 1827  886  353 1414  592 2215 1440  791 2019  624   10  829 2074  679  654 1689 2377  926 1538 2099 1867  676 2273 1430 2348 1381 1645 1048 1284 1246 1637  731 1400 1492 
1405  269 1555 1955 2171 1404 1307 2276 1629  320 1855 1254 1364 1809 1586 1805 2025  560 1512 1993  252 1798 1349 1274 1268  963 1277  401  721 1631  368  354  672 1928   91  631 2015 1745 2063 1341 1096 1496 1488 1797  532 2050 1147 1938  930 1187 
2108  710 2269  607 1354 1753 1406 2301 1273 2221 1117 2251 1383  849 1840 1755 1694 1168 2158 1363 2244 2265 1067  874 1527  771  583 1563  480  910  153 1425 1226 1029 1435  342 1648  847 1769  228 1377 1588  227 1576 1549 1295 1524 1135 2350 1346 
1504 1551  503 1633 1352 1263  954 1303 1503 1104  307  351 1362  758  699 1770 1164 1965 1678 2090 2361 1603 1895  975 1093 1841  988 1962    7  160 2029  730  493 1482 1726 1438 1794 1596  948 1693 1790 1747 2494 2094 1144 2024 1724 2499 1300 2047 
 311 2105 1460 1205 1501 1463  602 1558 1065 2461  661 1607 1653 1407 1157 1598 1066 1060  752 1656  720  355 1646 1647 1378 1345 1409 1530 1183  594 1420  498 2184 1327 1650 1387 1049 2137 1950 1480 2490 2072  582 1239 1842 2447 2450 1946 2343 2298 
 652 1502 1605 1713 2060 2421 1251 1267 1595 1952 1624 1255 1525 2123  846 1115 1961 2307 2056  820  642 1831 1416 1507 1564 1567 1597  157 1518 1782 2161 1342 1234 1376 1495 1696 1750 2071 1780 2135 2089 1587 1833 1876 1843  449  233 1243 2398 1235 
1807 2419  167 1272 1355 1861 1069 2423 1552 2103 2466 1458 1456 1253 1610 1113 1623 1269 2427 1999 1214 1865 1415 1331 1521 1677 1121 1688 2378 1540 2162 1775 2073 1781 2483 1436 1700 2493 2495 2297 2048 1593 1149 1543 2484 1536 1535 1892 1088 2389 
1361 2054 1615 1817 1572  805 1654 1705 2319 1281 1902 1308 1075 2005 1634 1960 2116  922 1911 2132 2282 1822 1720 1090 1167  766 2159  887 1671 1223 1338 1733 2179 1473 1584 1984 1699 1943 1497 2148 1242  941  287 1589 1741 1548 2197 1972 2098  750 
2217 2351 2059 1522 1451 1323 1421 1413 1275 1359 1418 1702 1864 2209 1280 1951 2018  929  935 1017 1261 1915  424 2452 1343 1803 1742 1481 2335 1532 1539 2436 1140 2261 1542 1181  438 1813 1898 2432 2042 2395 1948 1800 2489 1638 1396 2496 1150 2023 
1369 1612 2467 1152 1620 1918 1804 1760 1059  915  977 1709  823 2165 1266  656 1878  637  684 1571 1025 1210  836 1923  868  824 2032 2001 1233 1479 2386 1692  593 1649 1489 1826 1846 2145 1198 2068 1743 1675 1792  895 1443 2124 1640 2078 1630  797 
2373 1958 1917  653 1371 1204  258 2367 2321 1562 2002  705 1476  802 1971 1375  918 1154 1141 1026 1162 2268  858 1674 1979 1036 2390 2486 2287  638 1386 1038 2382 2147 1599 2288 1925 2383 2279 2034 1848 2444 1992 1042 2143 1448 2241 1194 2035 2246 
1665 1953 1611 1818 2203 2118 1956 2370 2119 1203 2175 1901  951 1153  952 2160 1659 1912 1180 2101  789 1756 2083 1728 2353 1508 2189 2077 1731 1529 2340 2267 2234 1600 2339 2439 2044 1390 2485 1298 1547 1994 1777  691 1924  548 2342 1983 1389 1444 
1758 1365 2274 1366 1374 1664 1575 1969 1321 2115 1368 1483 1757 1053  981 2410 2003 2061 1103 1189 1719 2426 1184  843 1006 2346 1265 2238 2219 1941 2247 2232 2231 2326 1799 1340 2198 1793 1837 1996 1881 2091 2434 2293 1744 1449 2190 1291 1679 2188 
1166 1219 1317 2401 1768 2066 2420  953 2469 1632  404 1668 1701 1043 1172 2067 1326 2327 1124 1680 2460 2463 2325  949 2076 2245 2363 2498 1257 1936 1736 1927 1877 1990 1791 1957 2443 2133 1442 1439 1641 2049 2200  696 1887 2193  589 2249 1237 1045 
2151 1806 1457 2106 1258 2470 2113 2206 2366 2154 2014 1379 2224 1475 1462 1052 2053 1966 1283 2227 1708 1573 2464 2416 1173 1880  841 2026 2280 2459 1788 2418 1494 2294 1884 2487 1937 2393 2037 2480 1139 1294 1541 2441 2329 1980 1691 1392 2080 2000 
2212 2270 1662  702 2316 2371 2121  451 1754 2153 2062 2252 1208 2256 2362 1101 1904 1975 1423 1774  890 1871 2455 1534 1868 2376 1478 1429 2422 1945 1401 1505 2150 2333 2163 2228 1995 2117 2438 1977 1766  541 2185 1890 2290 2429 2045 2440 2345 2237 
1812 1056 2152 1618 1519 1613 2201 1858 2258 1906 1712 2112 1556 2164 1929 2387 1477 1417 1968 2409 2428 1005 2213 2358 2314 2385 2471 2084 1531 2081 1433 2139 1337 2141 1870 2435 1978 2236 2285 1970 1897 2478 1899 1844 1296 2448 2338 1592 1344  896 
2303 1360 1626 2120  706  865 2403 1217 2208 2254 1905 1310 2357 2107 1786 2187 2104 1933 2169 2414 1740 2308 1873 1514 2424 1734 2334 1333 2481 1282 2027 2130 1585 2375 1546 1989 1986 2194 1934 1644 2412 1834 1395 1748 2248 1935 1888 2126 1997 2337 
2405 2407 1422 2176  955 2007 2211  909  812 1959  966 2016 1570 1651 2087 1903 2109 2004 1823 2320 1523 2309 1783 1594 2223 1710 2491 2477 2138 1981 2196 1658 2140  939 2046 1947 1845 1544 2442 2229 2039 2192 2144 2296 1900 1795 1095 2041 2392 2136 
1159 1472 2404 1874 2204 2456 2157  958 1722 2381 1819 2009 2065 1461  425 2051 2052  792 2379 1974 1776 1490 2425 2472 1869 2131 1681 1882 1041 2239 1244 2233 2243 1796 2181 1191 1533 2075 2182 1889 1643 2149 2125 2100 1939 1838 1749 2291 1238 2250 
1116 2402 1908 2360 2368 2454 2306 1808 1706 2302  985 1165 1752 1182 1506 1778 1802 2017 2225 2129 1441 2260 1515 2479 2430 2475 2431 1322 2332 1232 2446 2295 2177 2317 2473 1850 1434 2275 2127 2028 2391 2347 1896 2289 2344 1940 2341 1686 1830 2092 
2355 1259 2354 2156 2069 2216 2312 1510 1314 1854  965  819 2008 2058 1857 2313 2040 1779 1639 2408 1590 1516 2384 2323 1721 2322 1565 1578 2449 2292 2122 2445 1920 2199 2433 1190 1932 1828 1695 2492 1847 1998 2488 2142 1682 2400 2235 2146 1697 1893 
2356 2253 2102 2305 2406 2311 2226 2255  587 1910 2359 1211  622 1491 1851 1751 1735 1583 1370 2259 1526 2380 2222 1511 2020 1821 1815 1683 1875 2299 2476 1676 2310 2300 1087 2093 2272 2178 1289 2220 1973 2191 2284 2097 1988 2328 2394 2082 2281 1545 
2451 1856 2453 1762 2304 1771 2457 2458  528 2413  626 2468 2166 2210  627 2170 2411 1580 2257 1738 2207 2278 1922 2174 2070 2031 2372 2318 1410 2173 2396 2399 2397 2482  989 2415 1690 1860 1382 2096 2186 2497 1949 2271 1849 1398 2095 2180 1739 2085 
