2023/05/02

26步：0.003秒
    3     6     7     4 
    1     2     8     0 
    9    10    14    12 
   11     5    13    15 


43步：0.337秒  (0.3秒多)
  5  7  4 12
  1 11  6 14
 10  2 13  3
  9  8  0 15


52步：0.947秒  (0.9秒多)
  1  9 13  5
 14 15  6 12
  8  7  3  4
 10  0  2 11

同樣
52步：3.631秒  (3.5秒多)
再測一次：5.586秒
  7 12  2  6
  8 13 15  4
 14 11  0  1
  5  9  3 10


56步：3.776秒  (3秒多)
   11     8    15     9 
    6     2     4    13 
   10     7     0    14 
    5     3    12     1 


59步：49.351秒 (49秒多)
再測一次：69.443秒
再測二次：52.849秒
 10 12  8  4
 11 15 14 13
  1  3  5  9
  0  2  7  6


60步：28.326   (28秒多)
沒紀錄到題目
------------------------------------------------------------------------
2023/05/03

44步:0.026秒
    5    10     1     3 
   14     8     9    11 
    6    15    13     4 
   12     2     7     0 


48步:0.477秒
    6     5    10     4 
   14    13     7    15 
    2     1     0     8 
    3    12    11     9


52步:1.275秒
    4     1    10     5 
   14     0    15     6 
    3     2     9    12 
   11     8    13     7


54步:3.056秒
    8     4    13    14 
    7     0     5    11 
    6    10     2     3 
   15     1     9    12 


也是
54步:4.559秒
    3    11     9     8 
    6     0     1     5 
   15     2    12    10 
    4    14     7    13


56步:2.959秒
 11  8 15  9
  6  2  4 13
 10  7  0 14
  5  3 12  1


05/02的59步的題目
59步:23.276秒
 10 12  8  4
 11 15 14 13
  1  3  5  9
  0  2  7  6


***
70步:803.861秒 (大約13分鐘)
15 14 13 12
11 10  9  8
 7  6  5  4
 3  1  2  0
***


5*5的
//還沒測出來，我中斷掉了
步：秒
    0    14    23    20     4 
 19    21    10     1    12 
  9     7    16     8    22 
 15     5    18     6     3 
  2    13    11    17    24


老師給的initial state
步：秒
   15    10    18    13    19 
    2    17     1    20     8 
    0    21     6    14     4 
   23     5    16     3     7 
    9    22    11    24    12

2023/5/10
由GenV2.exe產生的題目(moves:500, seed:5)
   14    21     0    22    10 
   15     5     7     4    19 
   11     1    18    23    13 
    9    20    12    17    24 
    8     2    16     6     3

執行了四個小時還沒跑出答案